# SUM    8388608 2941.17647 3.50616e-04

# BIN   ENTRIES   WIDTH [ps]   CENTER [ps]   SUM [ps]
   0        0    0.00000    0.00000    0.00000
   1        0    0.00000    0.00000    0.00000
   2        0    0.00000    0.00000    0.00000
   3        0    0.00000    0.00000    0.00000
   4        0    0.00000    0.00000    0.00000
   5        0    0.00000    0.00000    0.00000
   6        0    0.00000    0.00000    0.00000
   7        0    0.00000    0.00000    0.00000
   8        0    0.00000    0.00000    0.00000
   9        0    0.00000    0.00000    0.00000
  10        0    0.00000    0.00000    0.00000
  11        0    0.00000    0.00000    0.00000
  12        0    0.00000    0.00000    0.00000
  13        0    0.00000    0.00000    0.00000
  14        0    0.00000    0.00000    0.00000
  15        0    0.00000    0.00000    0.00000
  16        0    0.00000    0.00000    0.00000
  17        0    0.00000    0.00000    0.00000
  18        0    0.00000    0.00000    0.00000
  19        0    0.00000    0.00000    0.00000
  20        0    0.00000    0.00000    0.00000
  21        0    0.00000    0.00000    0.00000
  22        0    0.00000    0.00000    0.00000
  23        0    0.00000    0.00000    0.00000
  24        0    0.00000    0.00000    0.00000
  25        0    0.00000    0.00000    0.00000
  26        0    0.00000    0.00000    0.00000
  27        0    0.00000    0.00000    0.00000
  28        0    0.00000    0.00000    0.00000
  29    22846    8.01016    4.00508    8.01016
  30    10836    3.79927    9.90980   11.80943
  31    35960   12.60814   18.11350   24.41757
  32    64337   22.55755   35.69635   46.97512
  33     3009    1.05500   47.50262   48.03012
  34    31959   11.20532   53.63279   59.23545
  35    41059   14.39592   66.43341   73.63137
  36     9053    3.17412   75.21843   76.80549
  37    24332    8.53118   81.07108   85.33667
  38    51935   18.20922   94.44128  103.54589
  39    18625    6.53021  106.81100  110.07610
  40    42285   14.82578  117.48899  124.90188
  41    46957   16.46385  133.13381  141.36574
  42    19634    6.88399  144.80773  148.24972
  43    18351    6.43415  151.46680  154.68387
  44    27054    9.48555  159.42665  164.16942
  45    47655   16.70858  172.52372  180.87801
  46    23437    8.21738  184.98670  189.09538
  47    18042    6.32581  192.25829  195.42119
  48    19790    6.93868  198.89053  202.35987
  49    44312   15.53648  210.12811  217.89635
  50     2939    1.03046  218.41158  218.92681
  51    32044   11.23512  224.54437  230.16193
  52     9800    3.43603  231.87995  233.59797
  53    61081   21.41595  244.30594  255.01391
  54     9278    3.25301  256.64042  258.26693
  55    35046   12.28767  264.41076  270.55460
  56     3395    1.19034  271.14977  271.74494
  57    92968   32.59603  288.04295  304.34097
  58     3590    1.25871  304.97032  305.59968
  59     2711    0.95052  306.07493  306.55019
  60     4280    1.50063  307.30051  308.05083
  61    81668   28.63407  322.36786  336.68490
  62    37182   13.03659  343.20319  349.72149
  63    12416    4.35324  351.89811  354.07473
  64    33020   11.57733  359.86339  365.65206
  65    16178    5.67226  368.48819  371.32431
  66    43405   15.21847  378.93355  386.54278
  67    20713    7.26230  390.17393  393.80508
  68    31915   11.18990  399.40003  404.99498
  69    28146    9.86843  409.92919  414.86340
  70    61118   21.42892  425.57786  436.29233
  71    21633    7.58487  440.08476  443.87719
  72     9981    3.49949  445.62694  447.37669
  73    37498   13.14738  453.95038  460.52407
  74    28825   10.10649  465.57731  470.63056
  75    24405    8.55677  474.90895  479.18733
  76    46503   16.30468  487.33967  495.49201
  77     3413    1.19665  496.09034  496.68866
  78    28961   10.15418  501.76575  506.84284
  79    52758   18.49778  516.09173  525.34061
  80    15937    5.58776  528.13449  530.92837
  81    13006    4.56011  533.20843  535.48848
  82    10113    3.54578  537.26137  539.03425
  83    85622   30.02041  554.04446  569.05466
  84     9201    3.22601  570.66767  572.28067
  85    10721    3.75895  574.16015  576.03962
  86    19912    6.98146  579.53035  583.02108
  87    79457   27.85886  596.95051  610.87994
  88    26753    9.38002  615.56995  620.25996
  89     8282    2.90380  621.71186  623.16376
  90    11483    4.02612  625.17682  627.18987
  91    80649   28.27679  641.32827  655.46667
  92     3110    1.09041  656.01188  656.55708
  93    10246    3.59241  658.35329  660.14949
  94    41726   14.62978  667.46438  674.77927
  95    46409   16.27172  682.91513  691.05099
  96    21023    7.37099  694.73649  698.42198
  97    29622   10.38593  703.61495  708.80792
  98    21046    7.37906  712.49744  716.18697
  99    49857   17.48064  724.92729  733.66761
 100    13309    4.66634  736.00078  738.33395
 101    38609   13.53692  745.10241  751.87087
 102     7594    2.66257  753.20216  754.53345
 103    50201   17.60125  763.33407  772.13470
 104    43463   15.23880  779.75410  787.37350
 105    16645    5.83600  790.29150  793.20950
 106    22497    7.88780  797.15340  801.09729
 107    26695    9.35968  805.77714  810.45698
 108    55142   19.33364  820.12380  829.79062
 109    21116    7.40360  833.49242  837.19422
 110     6149    2.15594  838.27219  839.35015
 111    15488    5.43033  842.06532  844.78049
 112    50070   17.55532  853.55815  862.33581
 113    53655   18.81228  871.74195  881.14809
 114    14417    5.05482  883.67550  886.20291
 115     3857    1.35232  886.87907  887.55523
 116    15862    5.56146  890.33597  893.11670
 117    64885   22.74969  904.49154  915.86639
 118    17984    6.30547  919.01912  922.17186
 119    26644    9.34180  926.84276  931.51366
 120    25433    8.91721  935.97226  940.43087
 121    48413   16.97435  948.91804  957.40522
 122    22199    7.78331  961.29687  965.18853
 123    43359   15.20234  972.78970  980.39087
 124     7696    2.69834  981.74004  983.08921
 125    50164   17.58828  991.88335 1000.67749
 126    24666    8.64828 1005.00163 1009.32577
 127    18876    6.61822 1012.63488 1015.94399
 128    39721   13.92680 1022.90739 1029.87079
 129    34792   12.19862 1035.97010 1042.06941
 130    32993   11.56786 1047.85334 1053.63727
 131    17155    6.01481 1056.64467 1059.65208
 132    15527    5.44401 1062.37408 1065.09608
 133    24389    8.55116 1069.37167 1073.64725
 134    71990   25.24081 1086.26765 1098.88806
 135    20795    7.29105 1102.53359 1106.17911
 136    32845   11.51597 1111.93710 1117.69508
 137     3706    1.29938 1118.34477 1118.99446
 138     3168    1.11075 1119.54984 1120.10521
 139    80726   28.30379 1134.25711 1148.40900
 140    20455    7.17184 1151.99492 1155.58084
 141     8648    3.03212 1157.09690 1158.61297
 142    24695    8.65845 1162.94219 1167.27142
 143    58306   20.44299 1177.49291 1187.71441
 144    24864    8.71771 1192.07326 1196.43211
 145    21393    7.50072 1200.18247 1203.93283
 146     4759    1.66858 1204.76712 1205.60141
 147    62425   21.88718 1216.54500 1227.48859
 148    46286   16.22859 1235.60288 1243.71718
 149     4232    1.48381 1244.45908 1245.20098
 150    12516    4.38830 1247.39514 1249.58929
 151    26789    9.39264 1254.28561 1258.98193
 152    74958   26.28144 1272.12265 1285.26337
 153    18277    6.40820 1288.46747 1291.67157
 154    12553    4.40128 1293.87221 1296.07285
 155    19715    6.91239 1299.52904 1302.98523
 156     2350    0.82395 1303.39721 1303.80918
 157   101878   35.72001 1321.66919 1339.52919
 158     5159    1.80883 1340.43360 1341.33802
 159    14150    4.96121 1343.81862 1346.29923
 160    26994    9.46452 1351.03149 1355.76374
 161    73277   25.69206 1368.60977 1381.45580
 162     3393    1.18964 1382.05062 1382.64544
 163    29850   10.46587 1387.87838 1393.11131
 164    10407    3.64886 1394.93574 1396.76017
 165    64987   22.78545 1408.15290 1419.54562
 166    21641    7.58767 1423.33946 1427.13329
 167    28131    9.86317 1432.06488 1436.99646
 168     3559    1.24784 1437.62038 1438.24430
 169    85755   30.06704 1453.27782 1468.31134
 170     8824    3.09383 1469.85825 1471.40517
 171     1497    0.52487 1471.66761 1471.93004
 172    19405    6.80369 1475.33189 1478.73374
 173    47257   16.56904 1487.01826 1495.30278
 174    35842   12.56676 1501.58616 1507.86954
 175    33843   11.86588 1513.80248 1519.73542
 176     8191    2.87189 1521.17137 1522.60731
 177    60881   21.34583 1533.28023 1543.95314
 178    33332   11.68672 1549.79650 1555.63986
 179     4342    1.52237 1556.40104 1557.16223
 180     3912    1.37161 1557.84803 1558.53384
 181    46445   16.28434 1566.67601 1574.81818
 182    39002   13.67471 1581.65553 1588.49288
 183    31420   11.01634 1594.00105 1599.50923
 184    41068   14.39908 1606.70877 1613.90830
 185    14064    4.93106 1616.37383 1618.83936
 186    19055    6.68098 1622.17985 1625.52034
 187    55667   19.51772 1635.27920 1645.03806
 188    22638    7.93723 1649.00668 1652.97529
 189    21822    7.65113 1656.80086 1660.62643
 190    49139   17.22890 1669.24087 1677.85532
 191     4232    1.48381 1678.59723 1679.33913
 192    43288   15.17745 1686.92785 1694.51657
 193    13567    4.75680 1696.89498 1699.27338
 194    16834    5.90226 1702.22451 1705.17564
 195    61424   21.53621 1715.94374 1726.71185
 196    19350    6.78441 1730.10405 1733.49626
 197     3691    1.29412 1734.14332 1734.79038
 198    40381   14.15821 1741.86948 1748.94859
 199    44307   15.53472 1756.71595 1764.48331
 200    39350   13.79672 1771.38167 1778.28003
 201     7913    2.77442 1779.66724 1781.05445
 202    23337    8.18232 1785.14561 1789.23677
 203    51276   17.97816 1798.22585 1807.21493
 204    36449   12.77959 1813.60473 1819.99452
 205    14867    5.21260 1822.60082 1825.20712
 206    28809   10.10088 1830.25756 1835.30800
 207    58204   20.40723 1845.51162 1855.71523
 208    19165    6.71955 1859.07501 1862.43478
 209    15765    5.52745 1865.19851 1867.96223
 210    26620    9.33339 1872.62893 1877.29562
 211    78843   27.64358 1891.11741 1904.93920
 212     3908    1.37021 1905.62431 1906.30941
 213    29894   10.48130 1911.55006 1916.79071
 214    20048    7.02914 1920.30528 1923.81985
 215    42279   14.82368 1931.23169 1938.64353
 216    39287   13.77463 1945.53084 1952.41816
 217    10339    3.62501 1954.23067 1956.04317
 218    17132    6.00675 1959.04655 1962.04992
 219    24608    8.62795 1966.36389 1970.67787
 220    61004   21.38895 1981.37234 1992.06682
 221     4225    1.48135 1992.80749 1993.54817
 222    37475   13.13932 2000.11783 2006.68749
 223    11179    3.91953 2008.64725 2010.60702
 224    36943   12.95279 2017.08341 2023.55981
 225    58337   20.45386 2033.78674 2044.01367
 226    16862    5.91208 2046.96971 2049.92575
 227     6575    2.30530 2051.07840 2052.23105
 228    33819   11.85747 2058.15978 2064.08851
 229    75407   26.43887 2077.30795 2090.52738
 230    12738    4.46614 2092.76045 2094.99352
 231    16203    5.68102 2097.83403 2100.67455
 232     6538    2.29232 2101.82071 2102.96687
 233    79818   27.98543 2116.95959 2130.95230
 234     6985    2.44905 2132.17683 2133.40135
 235    14734    5.16597 2135.98434 2138.56732
 236    25225    8.84428 2142.98946 2147.41160
 237    49662   17.41227 2156.11773 2164.82387
 238    31474   11.03527 2170.34151 2175.85914
 239    24344    8.53539 2180.12684 2184.39453
 240    15179    5.32199 2187.05552 2189.71652
 241    56420   19.78173 2199.60739 2209.49825
 242     9760    3.42201 2211.20926 2212.92026
 243    23298    8.16864 2217.00458 2221.08890
 244     5728    2.00833 2222.09306 2223.09723
 245     3852    1.35057 2223.77251 2224.44780
 246   115467   40.48453 2244.69006 2264.93232
 247     4990    1.74957 2265.80711 2266.68190
 248    17449    6.11789 2269.74084 2272.79979
 249     3690    1.29377 2273.44667 2274.09356
 250    20423    7.16062 2277.67387 2281.25418
 251    94308   33.06585 2297.78711 2314.32003
 252    19696    6.90572 2317.77289 2321.22576
 253    15906    5.57689 2324.01420 2326.80265
 254     1678    0.58833 2327.09681 2327.39098
 255    84198   29.52113 2342.15154 2356.91211
 256    25706    9.01292 2361.41857 2365.92503
 257    33395   11.70881 2371.77943 2377.63384
 258     6331    2.21975 2378.74371 2379.85359
 259    68458   24.00244 2391.85481 2403.85603
 260     1355    0.47508 2404.09357 2404.33111
 261    20709    7.26090 2407.96156 2411.59201
 262     2646    0.92773 2412.05587 2412.51974
 263    49410   17.32391 2421.18169 2429.84365
 264    36011   12.62602 2436.15666 2442.46967
 265    28217    9.89332 2447.41633 2452.36299
 266    31441   11.02370 2457.87484 2463.38669
 267    39850   13.97203 2470.37270 2477.35872
 268     5851    2.05145 2478.38445 2479.41017
 269    28184    9.88175 2484.35105 2489.29192
 270    62827   22.02812 2500.30598 2511.32004
 271    55356   19.40867 2521.02438 2530.72872
 272     5209    1.82636 2531.64190 2532.55508
 273    10507    3.68392 2534.39703 2536.23899
 274     4049    1.41964 2536.94881 2537.65864
 275    72929   25.57004 2550.44366 2563.22868
 276    39697   13.91839 2570.18787 2577.14706
 277    32365   11.34767 2582.82090 2588.49474
 278     3246    1.13810 2589.06378 2589.63283
 279     4499    1.57742 2590.42154 2591.21025
 280    54556   19.12818 2600.77434 2610.33844
 281    70380   24.67632 2622.67660 2635.01476
 282     1773    0.62164 2635.32558 2635.63640
 283    26165    9.17386 2640.22333 2644.81026
 284    15162    5.31603 2647.46827 2650.12629
 285    77832   27.28911 2663.77084 2677.41540
 286     4829    1.69312 2678.26196 2679.10852
 287     3489    1.22330 2679.72017 2680.33182
 288    59144   20.73681 2690.70022 2701.06863
 289    47159   16.53468 2709.33597 2717.60330
 290    21391    7.50002 2721.35331 2725.10332
 291    24075    8.44107 2729.32386 2733.54439
 292     6159    2.15944 2734.62411 2735.70383
 293    48703   17.07603 2744.24185 2752.77986
 294    36095   12.65547 2759.10760 2765.43533
 295     4673    1.63843 2766.25454 2767.07376
 296    36027   12.63163 2773.38957 2779.70538
 297    68949   24.17459 2791.79268 2803.87998
 298    17159    6.01621 2806.88808 2809.89619
 299    29887   10.47885 2815.13561 2820.37504
 300    92705   32.50382 2836.62694 2852.87885
 301    34320   12.03313 2858.89541 2864.91198
 302   106651   37.39350 2883.60873 2902.30548
 303    20810    7.29631 2905.95363 2909.60179
 304    75669   26.53073 2922.86715 2936.13252
 305    13238    4.64145 2938.45324 2940.77396
 306     1148    0.40251 2940.97522 2941.17647
 307        0    0.00000 2941.17647 2941.17647
 308        0    0.00000 2941.17647 2941.17647
 309        0    0.00000 2941.17647 2941.17647
 310        0    0.00000 2941.17647 2941.17647
 311        0    0.00000 2941.17647 2941.17647
 312        0    0.00000 2941.17647 2941.17647
 313        0    0.00000 2941.17647 2941.17647
 314        0    0.00000 2941.17647 2941.17647
 315        0    0.00000 2941.17647 2941.17647
 316        0    0.00000 2941.17647 2941.17647
 317        0    0.00000 2941.17647 2941.17647
 318        0    0.00000 2941.17647 2941.17647
 319        0    0.00000 2941.17647 2941.17647
 320        0    0.00000 2941.17647 2941.17647
 321        0    0.00000 2941.17647 2941.17647
 322        0    0.00000 2941.17647 2941.17647
 323        0    0.00000 2941.17647 2941.17647
 324        0    0.00000 2941.17647 2941.17647
 325        0    0.00000 2941.17647 2941.17647
 326        0    0.00000 2941.17647 2941.17647
 327        0    0.00000 2941.17647 2941.17647
 328        0    0.00000 2941.17647 2941.17647
 329        0    0.00000 2941.17647 2941.17647
 330        0    0.00000 2941.17647 2941.17647
 331        0    0.00000 2941.17647 2941.17647
 332        0    0.00000 2941.17647 2941.17647
 333        0    0.00000 2941.17647 2941.17647
 334        0    0.00000 2941.17647 2941.17647
 335        0    0.00000 2941.17647 2941.17647
 336        0    0.00000 2941.17647 2941.17647
 337        0    0.00000 2941.17647 2941.17647
 338        0    0.00000 2941.17647 2941.17647
 339        0    0.00000 2941.17647 2941.17647
 340        0    0.00000 2941.17647 2941.17647
 341        0    0.00000 2941.17647 2941.17647
 342        0    0.00000 2941.17647 2941.17647
 343        0    0.00000 2941.17647 2941.17647
 344        0    0.00000 2941.17647 2941.17647
 345        0    0.00000 2941.17647 2941.17647
 346        0    0.00000 2941.17647 2941.17647
 347        0    0.00000 2941.17647 2941.17647
 348        0    0.00000 2941.17647 2941.17647
 349        0    0.00000 2941.17647 2941.17647
 350        0    0.00000 2941.17647 2941.17647
 351        0    0.00000 2941.17647 2941.17647
 352        0    0.00000 2941.17647 2941.17647
 353        0    0.00000 2941.17647 2941.17647
 354        0    0.00000 2941.17647 2941.17647
 355        0    0.00000 2941.17647 2941.17647
 356        0    0.00000 2941.17647 2941.17647
 357        0    0.00000 2941.17647 2941.17647
 358        0    0.00000 2941.17647 2941.17647
 359        0    0.00000 2941.17647 2941.17647
 360        0    0.00000 2941.17647 2941.17647
 361        0    0.00000 2941.17647 2941.17647
 362        0    0.00000 2941.17647 2941.17647
 363        0    0.00000 2941.17647 2941.17647
 364        0    0.00000 2941.17647 2941.17647
 365        0    0.00000 2941.17647 2941.17647
 366        0    0.00000 2941.17647 2941.17647
 367        0    0.00000 2941.17647 2941.17647
 368        0    0.00000 2941.17647 2941.17647
 369        0    0.00000 2941.17647 2941.17647
 370        0    0.00000 2941.17647 2941.17647
 371        0    0.00000 2941.17647 2941.17647
 372        0    0.00000 2941.17647 2941.17647
 373        0    0.00000 2941.17647 2941.17647
 374        0    0.00000 2941.17647 2941.17647
 375        0    0.00000 2941.17647 2941.17647
 376        0    0.00000 2941.17647 2941.17647
 377        0    0.00000 2941.17647 2941.17647
 378        0    0.00000 2941.17647 2941.17647
 379        0    0.00000 2941.17647 2941.17647
 380        0    0.00000 2941.17647 2941.17647
 381        0    0.00000 2941.17647 2941.17647
 382        0    0.00000 2941.17647 2941.17647
 383        0    0.00000 2941.17647 2941.17647
 384        0    0.00000 2941.17647 2941.17647
 385        0    0.00000 2941.17647 2941.17647
 386        0    0.00000 2941.17647 2941.17647
 387        0    0.00000 2941.17647 2941.17647
 388        0    0.00000 2941.17647 2941.17647
 389        0    0.00000 2941.17647 2941.17647
 390        0    0.00000 2941.17647 2941.17647
 391        0    0.00000 2941.17647 2941.17647
 392        0    0.00000 2941.17647 2941.17647
 393        0    0.00000 2941.17647 2941.17647
 394        0    0.00000 2941.17647 2941.17647
 395        0    0.00000 2941.17647 2941.17647
 396        0    0.00000 2941.17647 2941.17647
 397        0    0.00000 2941.17647 2941.17647
 398        0    0.00000 2941.17647 2941.17647
 399        0    0.00000 2941.17647 2941.17647
 400        0    0.00000 2941.17647 2941.17647
 401        0    0.00000 2941.17647 2941.17647
 402        0    0.00000 2941.17647 2941.17647
 403        0    0.00000 2941.17647 2941.17647
 404        0    0.00000 2941.17647 2941.17647
 405        0    0.00000 2941.17647 2941.17647
 406        0    0.00000 2941.17647 2941.17647
 407        0    0.00000 2941.17647 2941.17647
 408        0    0.00000 2941.17647 2941.17647
 409        0    0.00000 2941.17647 2941.17647
 410        0    0.00000 2941.17647 2941.17647
 411        0    0.00000 2941.17647 2941.17647
 412        0    0.00000 2941.17647 2941.17647
 413        0    0.00000 2941.17647 2941.17647
 414        0    0.00000 2941.17647 2941.17647
 415        0    0.00000 2941.17647 2941.17647
 416        0    0.00000 2941.17647 2941.17647
 417        0    0.00000 2941.17647 2941.17647
 418        0    0.00000 2941.17647 2941.17647
 419        0    0.00000 2941.17647 2941.17647
 420        0    0.00000 2941.17647 2941.17647
 421        0    0.00000 2941.17647 2941.17647
 422        0    0.00000 2941.17647 2941.17647
 423        0    0.00000 2941.17647 2941.17647
 424        0    0.00000 2941.17647 2941.17647
 425        0    0.00000 2941.17647 2941.17647
 426        0    0.00000 2941.17647 2941.17647
 427        0    0.00000 2941.17647 2941.17647
 428        0    0.00000 2941.17647 2941.17647
 429        0    0.00000 2941.17647 2941.17647
 430        0    0.00000 2941.17647 2941.17647
 431        0    0.00000 2941.17647 2941.17647
 432        0    0.00000 2941.17647 2941.17647
 433        0    0.00000 2941.17647 2941.17647
 434        0    0.00000 2941.17647 2941.17647
 435        0    0.00000 2941.17647 2941.17647
 436        0    0.00000 2941.17647 2941.17647
 437        0    0.00000 2941.17647 2941.17647
 438        0    0.00000 2941.17647 2941.17647
 439        0    0.00000 2941.17647 2941.17647
 440        0    0.00000 2941.17647 2941.17647
 441        0    0.00000 2941.17647 2941.17647
 442        0    0.00000 2941.17647 2941.17647
 443        0    0.00000 2941.17647 2941.17647
 444        0    0.00000 2941.17647 2941.17647
 445        0    0.00000 2941.17647 2941.17647
 446        0    0.00000 2941.17647 2941.17647
 447        0    0.00000 2941.17647 2941.17647
 448        0    0.00000 2941.17647 2941.17647
 449        0    0.00000 2941.17647 2941.17647
 450        0    0.00000 2941.17647 2941.17647
 451        0    0.00000 2941.17647 2941.17647
 452        0    0.00000 2941.17647 2941.17647
 453        0    0.00000 2941.17647 2941.17647
 454        0    0.00000 2941.17647 2941.17647
 455        0    0.00000 2941.17647 2941.17647
 456        0    0.00000 2941.17647 2941.17647
 457        0    0.00000 2941.17647 2941.17647
 458        0    0.00000 2941.17647 2941.17647
 459        0    0.00000 2941.17647 2941.17647
 460        0    0.00000 2941.17647 2941.17647
 461        0    0.00000 2941.17647 2941.17647
 462        0    0.00000 2941.17647 2941.17647
 463        0    0.00000 2941.17647 2941.17647
 464        0    0.00000 2941.17647 2941.17647
 465        0    0.00000 2941.17647 2941.17647
 466        0    0.00000 2941.17647 2941.17647
 467        0    0.00000 2941.17647 2941.17647
 468        0    0.00000 2941.17647 2941.17647
 469        0    0.00000 2941.17647 2941.17647
 470        0    0.00000 2941.17647 2941.17647
 471        0    0.00000 2941.17647 2941.17647
 472        0    0.00000 2941.17647 2941.17647
 473        0    0.00000 2941.17647 2941.17647
 474        0    0.00000 2941.17647 2941.17647
 475        0    0.00000 2941.17647 2941.17647
 476        0    0.00000 2941.17647 2941.17647
 477        0    0.00000 2941.17647 2941.17647
 478        0    0.00000 2941.17647 2941.17647
 479        0    0.00000 2941.17647 2941.17647
 480        0    0.00000 2941.17647 2941.17647
 481        0    0.00000 2941.17647 2941.17647
 482        0    0.00000 2941.17647 2941.17647
 483        0    0.00000 2941.17647 2941.17647
 484        0    0.00000 2941.17647 2941.17647
 485        0    0.00000 2941.17647 2941.17647
 486        0    0.00000 2941.17647 2941.17647
 487        0    0.00000 2941.17647 2941.17647
 488        0    0.00000 2941.17647 2941.17647
 489        0    0.00000 2941.17647 2941.17647
 490        0    0.00000 2941.17647 2941.17647
 491        0    0.00000 2941.17647 2941.17647
 492        0    0.00000 2941.17647 2941.17647
 493        0    0.00000 2941.17647 2941.17647
 494        0    0.00000 2941.17647 2941.17647
 495        0    0.00000 2941.17647 2941.17647
 496        0    0.00000 2941.17647 2941.17647
 497        0    0.00000 2941.17647 2941.17647
 498        0    0.00000 2941.17647 2941.17647
 499        0    0.00000 2941.17647 2941.17647
 500        0    0.00000 2941.17647 2941.17647
 501        0    0.00000 2941.17647 2941.17647
 502        0    0.00000 2941.17647 2941.17647
 503        0    0.00000 2941.17647 2941.17647
 504        0    0.00000 2941.17647 2941.17647
 505        0    0.00000 2941.17647 2941.17647
 506        0    0.00000 2941.17647 2941.17647
 507        0    0.00000 2941.17647 2941.17647
 508        0    0.00000 2941.17647 2941.17647
 509        0    0.00000 2941.17647 2941.17647
 510        0    0.00000 2941.17647 2941.17647
 511        0    0.00000 2941.17647 2941.17647
