# SUM    8388608 2941.17647 3.50616e-04

# BIN   ENTRIES   WIDTH [ps]   CENTER [ps]   SUM [ps]
   0        0    0.00000    0.00000    0.00000
   1        0    0.00000    0.00000    0.00000
   2        0    0.00000    0.00000    0.00000
   3        0    0.00000    0.00000    0.00000
   4        0    0.00000    0.00000    0.00000
   5        0    0.00000    0.00000    0.00000
   6        0    0.00000    0.00000    0.00000
   7        0    0.00000    0.00000    0.00000
   8        0    0.00000    0.00000    0.00000
   9        0    0.00000    0.00000    0.00000
  10        0    0.00000    0.00000    0.00000
  11        0    0.00000    0.00000    0.00000
  12        0    0.00000    0.00000    0.00000
  13        0    0.00000    0.00000    0.00000
  14        0    0.00000    0.00000    0.00000
  15        0    0.00000    0.00000    0.00000
  16        0    0.00000    0.00000    0.00000
  17        0    0.00000    0.00000    0.00000
  18        0    0.00000    0.00000    0.00000
  19        0    0.00000    0.00000    0.00000
  20        0    0.00000    0.00000    0.00000
  21        0    0.00000    0.00000    0.00000
  22        0    0.00000    0.00000    0.00000
  23        0    0.00000    0.00000    0.00000
  24        0    0.00000    0.00000    0.00000
  25        0    0.00000    0.00000    0.00000
  26        0    0.00000    0.00000    0.00000
  27        0    0.00000    0.00000    0.00000
  28        0    0.00000    0.00000    0.00000
  29     1628    0.57080    0.28540    0.57080
  30    35677   12.50891    6.82526   13.07971
  31    78081   27.37641   26.76792   40.45613
  32    15659    5.49029   43.20127   45.94642
  33     3012    1.05605   46.47444   47.00247
  34     3078    1.07919   47.54207   48.08166
  35    40637   14.24796   55.20565   62.32963
  36    64940   22.76897   73.71412   85.09860
  37    15856    5.55936   87.87828   90.65796
  38    19353    6.78546   94.05069   97.44343
  39    29692   10.41048  102.64866  107.85390
  40    24934    8.74225  112.22503  116.59615
  41    39659   13.90506  123.54868  130.50121
  42     9509    3.33400  132.16822  133.83522
  43    29702   10.41398  139.04221  144.24920
  44    77682   27.23652  157.86746  171.48572
  45    27372    9.59705  176.28424  181.08277
  46    27937    9.79515  185.98034  190.87791
  47     4408    1.54551  191.65067  192.42343
  48     5661    1.98483  193.41585  194.40826
  49    30364   10.64609  199.73131  205.05435
  50    84458   29.61229  219.86050  234.66664
  51     6748    2.36595  235.84962  237.03260
  52    19100    6.69676  240.38097  243.72935
  53    34169   11.98018  249.71944  255.70954
  54    26516    9.29692  260.35800  265.00646
  55    53703   18.82911  274.42101  283.83557
  56    33024   11.57873  289.62493  295.41429
  57    33900   11.88587  301.35723  307.30016
  58     3403    1.19314  307.89673  308.49331
  59    41019   14.38190  315.68426  322.87521
  60    28903   10.13384  327.94213  333.00905
  61    56049   19.65165  342.83487  352.66070
  62     3038    1.06517  353.19328  353.72587
  63    20944    7.34329  357.39751  361.06916
  64    11433    4.00859  363.07345  365.07775
  65    77139   27.04613  378.60081  392.12388
  66     4225    1.48135  392.86456  393.60523
  67     3566    1.25030  394.23038  394.85553
  68    61071   21.41244  405.56175  416.26797
  69    42933   15.05298  423.79446  431.32095
  70     3776    1.32392  431.98291  432.64487
  71    35636   12.49454  438.89214  445.13941
  72    12819    4.49454  447.38668  449.63395
  73    62112   21.77743  460.52267  471.41138
  74    38816   13.60949  478.21613  485.02088
  75    19495    6.83525  488.43850  491.85613
  76    12211    4.28137  493.99681  496.13749
  77    44315   15.53753  503.90626  511.67502
  78     5793    2.03112  512.69058  513.70614
  79     4841    1.69733  514.55480  515.40347
  80    90530   31.74123  531.27408  547.14469
  81     4235    1.48486  547.88712  548.62955
  82    31353   10.99285  554.12598  559.62240
  83    18281    6.40960  562.82720  566.03200
  84    11978    4.19967  568.13184  570.23168
  85    40023   14.03269  577.24802  584.26436
  86    48943   17.16018  592.84445  601.42454
  87    28719   10.06933  606.45920  611.49387
  88    13104    4.59447  613.79110  616.08833
  89    34231   12.00192  622.08929  628.09026
  90    32604   11.43147  633.80599  639.52173
  91    40952   14.35841  646.70093  653.88013
  92    10396    3.64500  655.70263  657.52513
  93     7269    2.54862  658.79944  660.07376
  94    33441   11.72493  665.93622  671.79869
  95   106667   37.39911  690.49825  709.19780
  96    11046    3.87290  711.13425  713.07070
  97     3430    1.20261  713.67201  714.27331
  98    26611    9.33023  718.93843  723.60354
  99    37114   13.01275  730.10992  736.61629
 100    60633   21.25887  747.24573  757.87516
 101    17776    6.23254  760.99143  764.10770
 102    38829   13.61405  770.91473  777.72176
 103    33167   11.62887  783.53619  789.35062
 104     5782    2.02726  790.36425  791.37788
 105    31077   10.89608  796.82592  802.27396
 106    31091   10.90099  807.72445  813.17495
 107     3728    1.30709  813.82850  814.48204
 108    83866   29.40472  829.18441  843.88677
 109    16220    5.68698  846.73026  849.57375
 110    25932    9.09216  854.11983  858.66592
 111    21556    7.55787  862.44485  866.22378
 112     9592    3.36310  867.90534  869.58689
 113    76613   26.86171  883.01774  896.44860
 114     3680    1.29027  897.09373  897.73886
 115    15984    5.60424  900.54098  903.34310
 116    35606   12.48402  909.58511  915.82712
 117    57200   20.05521  925.85472  935.88233
 118    10428    3.65622  937.71044  939.53855
 119    22098    7.74790  943.41250  947.28645
 120     8366    2.93325  948.75308  950.21970
 121    55810   19.56785  960.00363  969.78756
 122    48432   16.98101  978.27806  986.76857
 123     5835    2.04584  987.79149  988.81441
 124    11051    3.87465  990.75174  992.68906
 125    52809   18.51566 1001.94689 1011.20472
 126    27474    9.63281 1016.02113 1020.83753
 127     6186    2.16891 1021.92199 1023.00644
 128    67572   23.69179 1034.85234 1046.69823
 129    26571    9.31621 1051.35634 1056.01444
 130    54527   19.11801 1065.57345 1075.13245
 131     6973    2.44484 1076.35488 1077.57730
 132    47306   16.58622 1085.87041 1094.16352
 133    45209   15.85098 1102.08901 1110.01449
 134    40662   14.25673 1117.14286 1124.27122
 135    17664    6.19327 1127.36786 1130.46450
 136    53388   18.71866 1139.82383 1149.18316
 137    25732    9.02204 1153.69418 1158.20520
 138     2327    0.81588 1158.61314 1159.02108
 139     2329    0.81658 1159.42937 1159.83767
 140    53655   18.81228 1169.24381 1178.64994
 141    64582   22.64345 1189.97167 1201.29340
 142    15907    5.57724 1204.08202 1206.87064
 143    10043    3.52123 1208.63126 1210.39187
 144     3759    1.31796 1211.05085 1211.70984
 145    87865   30.80684 1227.11325 1242.51667
 146    21683    7.60240 1246.31787 1250.11907
 147    18718    6.56282 1253.40048 1256.68189
 148     7327    2.56896 1257.96637 1259.25085
 149    74510   26.12437 1272.31303 1285.37522
 150    34616   12.13691 1291.44367 1297.51212
 151     9669    3.39010 1299.20718 1300.90223
 152    48135   16.87688 1309.34067 1317.77911
 153    11426    4.00613 1319.78217 1321.78524
 154    62508   21.91628 1332.74338 1343.70152
 155     8825    3.09418 1345.24861 1346.79570
 156     4701    1.64824 1347.61982 1348.44394
 157     1568    0.54977 1348.71883 1348.99371
 158    88554   31.04841 1364.51791 1380.04212
 159    11543    4.04716 1382.06570 1384.08927
 160    30202   10.58929 1389.38392 1394.67856
 161    38411   13.46749 1401.41231 1408.14606
 162     6255    2.19310 1409.24261 1410.33916
 163    32422   11.36766 1416.02299 1421.70682
 164    43033   15.08804 1429.25084 1436.79486
 165    19063    6.68378 1440.13675 1443.47864
 166    49671   17.41543 1452.18635 1460.89407
 167    39953   14.00814 1467.89814 1474.90221
 168     7280    2.55248 1476.17845 1477.45469
 169     6850    2.40172 1478.65555 1479.85641
 170    29885   10.47815 1485.09548 1490.33455
 171    87229   30.58384 1505.62648 1520.91840
 172     4301    1.50800 1521.67240 1522.42639
 173    21344    7.48354 1526.16816 1529.90993
 174     7216    2.53004 1531.17495 1532.43998
 175    65836   23.08313 1543.98154 1555.52310
 176     4406    1.54481 1556.29551 1557.06791
 177    55965   19.62220 1566.87901 1576.69011
 178     3995    1.40071 1577.39047 1578.09082
 179    24078    8.44212 1582.31188 1586.53294
 180    39141   13.72344 1593.39467 1600.25639
 181    20725    7.26651 1603.88964 1607.52289
 182    17196    6.02919 1610.53749 1613.55208
 183    45510   15.95651 1621.53034 1629.50859
 184     1368    0.47964 1629.74841 1629.98824
 185    60901   21.35284 1640.66465 1651.34107
 186    40216   14.10036 1658.39125 1665.44143
 187    70988   24.88950 1677.88618 1690.33093
 188    33229   11.65060 1696.15623 1701.98153
 189    42653   14.95481 1709.45893 1716.93634
 190    33905   11.88762 1722.88015 1728.82396
 191     7603    2.66573 1730.15682 1731.48969
 192    57752   20.24875 1741.61406 1751.73844
 193    15015    5.26449 1754.37068 1757.00293
 194    42544   14.91659 1764.46122 1771.91952
 195    19936    6.98987 1775.41445 1778.90939
 196     6039    2.11737 1779.96807 1781.02676
 197     4801    1.68331 1781.86841 1782.71006
 198    28822   10.10544 1787.76278 1792.81550
 199    38945   13.65472 1799.64286 1806.47023
 200    69045   24.20825 1818.57435 1830.67848
 201     9904    3.47250 1832.41473 1834.15097
 202     1606    0.56309 1834.43252 1834.71406
 203    91517   32.08728 1850.75770 1866.80135
 204    11618    4.07345 1868.83807 1870.87480
 205    10441    3.66078 1872.70519 1874.53557
 206    14173    4.96927 1877.02021 1879.50485
 207    71047   24.91018 1891.95994 1904.41503
 208    29462   10.32984 1909.57995 1914.74487
 209    16707    5.85773 1917.67374 1920.60260
 210    11410    4.00052 1922.60286 1924.60313
 211    24179    8.47753 1928.84189 1933.08066
 212    72009   25.24748 1945.70440 1958.32813
 213    27090    9.49818 1963.07722 1967.82631
 214    26140    9.16509 1972.40886 1976.99140
 215    27163    9.52377 1981.75329 1986.51517
 216     4967    1.74151 1987.38593 1988.25668
 217    25193    8.83306 1992.67321 1997.08974
 218    66347   23.26229 2008.72088 2020.35203
 219    13407    4.70070 2022.70238 2025.05273
 220    55775   19.55558 2034.83052 2044.60831
 221     1757    0.61603 2044.91633 2045.22434
 222    35997   12.62111 2051.53490 2057.84545
 223     1735    0.60832 2058.14961 2058.45377
 224    59018   20.69263 2068.80008 2079.14640
 225    42589   14.93237 2086.61258 2094.07877
 226     4265    1.49538 2094.82645 2095.57414
 227    15707    5.50712 2098.32770 2101.08126
 228    25123    8.80851 2105.48552 2109.88977
 229    84292   29.55409 2124.66682 2139.44386
 230     6180    2.16680 2140.52726 2141.61066
 231    23055    8.08344 2145.65239 2149.69411
 232     4440    1.55673 2150.47247 2151.25084
 233    20639    7.23635 2154.86902 2158.48719
 234    62631   21.95940 2169.46690 2180.44660
 235    37215   13.04816 2186.97068 2193.49475
 236     6338    2.22220 2194.60586 2195.71696
 237    20818    7.29911 2199.36651 2203.01607
 238    29640   10.39225 2208.21219 2213.40832
 239    53334   18.69973 2222.75818 2232.10805
 240    45953   16.11184 2240.16396 2248.21988
 241     5785    2.02831 2249.23404 2250.24819
 242     5725    2.00727 2251.25183 2252.25547
 243    36012   12.62637 2258.56865 2264.88184
 244    57867   20.28907 2275.02637 2285.17091
 245    33632   11.79190 2291.06686 2296.96281
 246     5334    1.87018 2297.89790 2298.83299
 247    58780   20.60918 2309.13758 2319.44217
 248    13133    4.60463 2321.74449 2324.04681
 249     1742    0.61077 2324.35219 2324.65758
 250    12380    4.34062 2326.82789 2328.99820
 251    83941   29.43102 2343.71371 2358.42922
 252    40597   14.23394 2365.54619 2372.66316
 253    24413    8.55958 2376.94295 2381.22274
 254     4382    1.53640 2381.99094 2382.75914
 255    57924   20.30906 2392.91366 2403.06819
 256     7656    2.68431 2404.41035 2405.75250
 257    51026   17.89051 2414.69776 2423.64301
 258     8153    2.85857 2425.07230 2426.50158
 259    53046   18.59875 2435.80096 2445.10034
 260     9716    3.40658 2446.80363 2448.50692
 261    14180    4.97173 2450.99278 2453.47864
 262     5774    2.02445 2454.49087 2455.50310
 263    73426   25.74430 2468.37525 2481.24740
 264    25177    8.82745 2485.66112 2490.07484
 265    21861    7.66481 2493.90725 2497.73965
 266    13651    4.78625 2500.13278 2502.52590
 267    21080    7.39098 2506.22139 2509.91688
 268    74633   26.16749 2523.00063 2536.08437
 269    21596    7.57189 2539.87032 2543.65627
 270     9999    3.50580 2545.40917 2547.16207
 271    39400   13.81425 2554.06920 2560.97632
 272     1564    0.54836 2561.25050 2561.52469
 273    65399   22.92991 2572.98964 2584.45459
 274    26363    9.24328 2589.07623 2593.69787
 275    45440   15.93197 2601.66386 2609.62984
 276    19548    6.85383 2613.05676 2616.48367
 277    47456   16.63881 2624.80308 2633.12249
 278     8846    3.10155 2634.67326 2636.22403
 279    32682   11.45882 2641.95344 2647.68285
 280    56096   19.66813 2657.51691 2667.35098
 281     4497    1.57672 2668.13934 2668.92770
 282    46858   16.42914 2677.14227 2685.35684
 283    10352    3.62957 2687.17163 2688.98641
 284    21950    7.69601 2692.83442 2696.68243
 285    63801   22.36962 2707.86724 2719.05205
 286    14341    5.02818 2721.56614 2724.08023
 287    39388   13.81005 2730.98525 2737.89027
 288    15701    5.50501 2740.64278 2743.39529
 289    67240   23.57539 2755.18298 2766.97068
 290    11248    3.94372 2768.94254 2770.91440
 291    11227    3.93636 2772.88258 2774.85076
 292    39547   13.86579 2781.78366 2788.71655
 293    23720    8.31660 2792.87486 2797.03316
 294    13191    4.62497 2799.34564 2801.65813
 295    49416   17.32602 2810.32113 2818.98414
 296    43482   15.24547 2826.60688 2834.22961
 297    60391   21.17402 2844.81662 2855.40363
 298    19229    6.74199 2858.77463 2862.14562
 299     4238    1.48591 2862.88857 2863.63153
 300   126848   44.47488 2885.86897 2908.10641
 301    34610   12.13480 2914.17381 2920.24122
 302    49405   17.32216 2928.90230 2937.56338
 303    10305    3.61309 2939.36992 2941.17647
 304        0    0.00000 2941.17647 2941.17647
 305        0    0.00000 2941.17647 2941.17647
 306        0    0.00000 2941.17647 2941.17647
 307        0    0.00000 2941.17647 2941.17647
 308        0    0.00000 2941.17647 2941.17647
 309        0    0.00000 2941.17647 2941.17647
 310        0    0.00000 2941.17647 2941.17647
 311        0    0.00000 2941.17647 2941.17647
 312        0    0.00000 2941.17647 2941.17647
 313        0    0.00000 2941.17647 2941.17647
 314        0    0.00000 2941.17647 2941.17647
 315        0    0.00000 2941.17647 2941.17647
 316        0    0.00000 2941.17647 2941.17647
 317        0    0.00000 2941.17647 2941.17647
 318        0    0.00000 2941.17647 2941.17647
 319        0    0.00000 2941.17647 2941.17647
 320        0    0.00000 2941.17647 2941.17647
 321        0    0.00000 2941.17647 2941.17647
 322        0    0.00000 2941.17647 2941.17647
 323        0    0.00000 2941.17647 2941.17647
 324        0    0.00000 2941.17647 2941.17647
 325        0    0.00000 2941.17647 2941.17647
 326        0    0.00000 2941.17647 2941.17647
 327        0    0.00000 2941.17647 2941.17647
 328        0    0.00000 2941.17647 2941.17647
 329        0    0.00000 2941.17647 2941.17647
 330        0    0.00000 2941.17647 2941.17647
 331        0    0.00000 2941.17647 2941.17647
 332        0    0.00000 2941.17647 2941.17647
 333        0    0.00000 2941.17647 2941.17647
 334        0    0.00000 2941.17647 2941.17647
 335        0    0.00000 2941.17647 2941.17647
 336        0    0.00000 2941.17647 2941.17647
 337        0    0.00000 2941.17647 2941.17647
 338        0    0.00000 2941.17647 2941.17647
 339        0    0.00000 2941.17647 2941.17647
 340        0    0.00000 2941.17647 2941.17647
 341        0    0.00000 2941.17647 2941.17647
 342        0    0.00000 2941.17647 2941.17647
 343        0    0.00000 2941.17647 2941.17647
 344        0    0.00000 2941.17647 2941.17647
 345        0    0.00000 2941.17647 2941.17647
 346        0    0.00000 2941.17647 2941.17647
 347        0    0.00000 2941.17647 2941.17647
 348        0    0.00000 2941.17647 2941.17647
 349        0    0.00000 2941.17647 2941.17647
 350        0    0.00000 2941.17647 2941.17647
 351        0    0.00000 2941.17647 2941.17647
 352        0    0.00000 2941.17647 2941.17647
 353        0    0.00000 2941.17647 2941.17647
 354        0    0.00000 2941.17647 2941.17647
 355        0    0.00000 2941.17647 2941.17647
 356        0    0.00000 2941.17647 2941.17647
 357        0    0.00000 2941.17647 2941.17647
 358        0    0.00000 2941.17647 2941.17647
 359        0    0.00000 2941.17647 2941.17647
 360        0    0.00000 2941.17647 2941.17647
 361        0    0.00000 2941.17647 2941.17647
 362        0    0.00000 2941.17647 2941.17647
 363        0    0.00000 2941.17647 2941.17647
 364        0    0.00000 2941.17647 2941.17647
 365        0    0.00000 2941.17647 2941.17647
 366        0    0.00000 2941.17647 2941.17647
 367        0    0.00000 2941.17647 2941.17647
 368        0    0.00000 2941.17647 2941.17647
 369        0    0.00000 2941.17647 2941.17647
 370        0    0.00000 2941.17647 2941.17647
 371        0    0.00000 2941.17647 2941.17647
 372        0    0.00000 2941.17647 2941.17647
 373        0    0.00000 2941.17647 2941.17647
 374        0    0.00000 2941.17647 2941.17647
 375        0    0.00000 2941.17647 2941.17647
 376        0    0.00000 2941.17647 2941.17647
 377        0    0.00000 2941.17647 2941.17647
 378        0    0.00000 2941.17647 2941.17647
 379        0    0.00000 2941.17647 2941.17647
 380        0    0.00000 2941.17647 2941.17647
 381        0    0.00000 2941.17647 2941.17647
 382        0    0.00000 2941.17647 2941.17647
 383        0    0.00000 2941.17647 2941.17647
 384        0    0.00000 2941.17647 2941.17647
 385        0    0.00000 2941.17647 2941.17647
 386        0    0.00000 2941.17647 2941.17647
 387        0    0.00000 2941.17647 2941.17647
 388        0    0.00000 2941.17647 2941.17647
 389        0    0.00000 2941.17647 2941.17647
 390        0    0.00000 2941.17647 2941.17647
 391        0    0.00000 2941.17647 2941.17647
 392        0    0.00000 2941.17647 2941.17647
 393        0    0.00000 2941.17647 2941.17647
 394        0    0.00000 2941.17647 2941.17647
 395        0    0.00000 2941.17647 2941.17647
 396        0    0.00000 2941.17647 2941.17647
 397        0    0.00000 2941.17647 2941.17647
 398        0    0.00000 2941.17647 2941.17647
 399        0    0.00000 2941.17647 2941.17647
 400        0    0.00000 2941.17647 2941.17647
 401        0    0.00000 2941.17647 2941.17647
 402        0    0.00000 2941.17647 2941.17647
 403        0    0.00000 2941.17647 2941.17647
 404        0    0.00000 2941.17647 2941.17647
 405        0    0.00000 2941.17647 2941.17647
 406        0    0.00000 2941.17647 2941.17647
 407        0    0.00000 2941.17647 2941.17647
 408        0    0.00000 2941.17647 2941.17647
 409        0    0.00000 2941.17647 2941.17647
 410        0    0.00000 2941.17647 2941.17647
 411        0    0.00000 2941.17647 2941.17647
 412        0    0.00000 2941.17647 2941.17647
 413        0    0.00000 2941.17647 2941.17647
 414        0    0.00000 2941.17647 2941.17647
 415        0    0.00000 2941.17647 2941.17647
 416        0    0.00000 2941.17647 2941.17647
 417        0    0.00000 2941.17647 2941.17647
 418        0    0.00000 2941.17647 2941.17647
 419        0    0.00000 2941.17647 2941.17647
 420        0    0.00000 2941.17647 2941.17647
 421        0    0.00000 2941.17647 2941.17647
 422        0    0.00000 2941.17647 2941.17647
 423        0    0.00000 2941.17647 2941.17647
 424        0    0.00000 2941.17647 2941.17647
 425        0    0.00000 2941.17647 2941.17647
 426        0    0.00000 2941.17647 2941.17647
 427        0    0.00000 2941.17647 2941.17647
 428        0    0.00000 2941.17647 2941.17647
 429        0    0.00000 2941.17647 2941.17647
 430        0    0.00000 2941.17647 2941.17647
 431        0    0.00000 2941.17647 2941.17647
 432        0    0.00000 2941.17647 2941.17647
 433        0    0.00000 2941.17647 2941.17647
 434        0    0.00000 2941.17647 2941.17647
 435        0    0.00000 2941.17647 2941.17647
 436        0    0.00000 2941.17647 2941.17647
 437        0    0.00000 2941.17647 2941.17647
 438        0    0.00000 2941.17647 2941.17647
 439        0    0.00000 2941.17647 2941.17647
 440        0    0.00000 2941.17647 2941.17647
 441        0    0.00000 2941.17647 2941.17647
 442        0    0.00000 2941.17647 2941.17647
 443        0    0.00000 2941.17647 2941.17647
 444        0    0.00000 2941.17647 2941.17647
 445        0    0.00000 2941.17647 2941.17647
 446        0    0.00000 2941.17647 2941.17647
 447        0    0.00000 2941.17647 2941.17647
 448        0    0.00000 2941.17647 2941.17647
 449        0    0.00000 2941.17647 2941.17647
 450        0    0.00000 2941.17647 2941.17647
 451        0    0.00000 2941.17647 2941.17647
 452        0    0.00000 2941.17647 2941.17647
 453        0    0.00000 2941.17647 2941.17647
 454        0    0.00000 2941.17647 2941.17647
 455        0    0.00000 2941.17647 2941.17647
 456        0    0.00000 2941.17647 2941.17647
 457        0    0.00000 2941.17647 2941.17647
 458        0    0.00000 2941.17647 2941.17647
 459        0    0.00000 2941.17647 2941.17647
 460        0    0.00000 2941.17647 2941.17647
 461        0    0.00000 2941.17647 2941.17647
 462        0    0.00000 2941.17647 2941.17647
 463        0    0.00000 2941.17647 2941.17647
 464        0    0.00000 2941.17647 2941.17647
 465        0    0.00000 2941.17647 2941.17647
 466        0    0.00000 2941.17647 2941.17647
 467        0    0.00000 2941.17647 2941.17647
 468        0    0.00000 2941.17647 2941.17647
 469        0    0.00000 2941.17647 2941.17647
 470        0    0.00000 2941.17647 2941.17647
 471        0    0.00000 2941.17647 2941.17647
 472        0    0.00000 2941.17647 2941.17647
 473        0    0.00000 2941.17647 2941.17647
 474        0    0.00000 2941.17647 2941.17647
 475        0    0.00000 2941.17647 2941.17647
 476        0    0.00000 2941.17647 2941.17647
 477        0    0.00000 2941.17647 2941.17647
 478        0    0.00000 2941.17647 2941.17647
 479        0    0.00000 2941.17647 2941.17647
 480        0    0.00000 2941.17647 2941.17647
 481        0    0.00000 2941.17647 2941.17647
 482        0    0.00000 2941.17647 2941.17647
 483        0    0.00000 2941.17647 2941.17647
 484        0    0.00000 2941.17647 2941.17647
 485        0    0.00000 2941.17647 2941.17647
 486        0    0.00000 2941.17647 2941.17647
 487        0    0.00000 2941.17647 2941.17647
 488        0    0.00000 2941.17647 2941.17647
 489        0    0.00000 2941.17647 2941.17647
 490        0    0.00000 2941.17647 2941.17647
 491        0    0.00000 2941.17647 2941.17647
 492        0    0.00000 2941.17647 2941.17647
 493        0    0.00000 2941.17647 2941.17647
 494        0    0.00000 2941.17647 2941.17647
 495        0    0.00000 2941.17647 2941.17647
 496        0    0.00000 2941.17647 2941.17647
 497        0    0.00000 2941.17647 2941.17647
 498        0    0.00000 2941.17647 2941.17647
 499        0    0.00000 2941.17647 2941.17647
 500        0    0.00000 2941.17647 2941.17647
 501        0    0.00000 2941.17647 2941.17647
 502        0    0.00000 2941.17647 2941.17647
 503        0    0.00000 2941.17647 2941.17647
 504        0    0.00000 2941.17647 2941.17647
 505        0    0.00000 2941.17647 2941.17647
 506        0    0.00000 2941.17647 2941.17647
 507        0    0.00000 2941.17647 2941.17647
 508        0    0.00000 2941.17647 2941.17647
 509        0    0.00000 2941.17647 2941.17647
 510        0    0.00000 2941.17647 2941.17647
 511        0    0.00000 2941.17647 2941.17647
