# SUM    8388609 2941.17647 3.50616e-04

# BIN   ENTRIES   WIDTH [ps]   CENTER [ps]   SUM [ps]
   0        0    0.00000    0.00000    0.00000
   1        0    0.00000    0.00000    0.00000
   2        0    0.00000    0.00000    0.00000
   3        0    0.00000    0.00000    0.00000
   4        0    0.00000    0.00000    0.00000
   5        0    0.00000    0.00000    0.00000
   6        0    0.00000    0.00000    0.00000
   7        0    0.00000    0.00000    0.00000
   8        0    0.00000    0.00000    0.00000
   9        0    0.00000    0.00000    0.00000
  10        0    0.00000    0.00000    0.00000
  11        0    0.00000    0.00000    0.00000
  12        0    0.00000    0.00000    0.00000
  13        0    0.00000    0.00000    0.00000
  14        0    0.00000    0.00000    0.00000
  15        0    0.00000    0.00000    0.00000
  16        0    0.00000    0.00000    0.00000
  17        0    0.00000    0.00000    0.00000
  18        0    0.00000    0.00000    0.00000
  19        0    0.00000    0.00000    0.00000
  20        0    0.00000    0.00000    0.00000
  21        0    0.00000    0.00000    0.00000
  22        0    0.00000    0.00000    0.00000
  23        0    0.00000    0.00000    0.00000
  24        0    0.00000    0.00000    0.00000
  25        0    0.00000    0.00000    0.00000
  26        0    0.00000    0.00000    0.00000
  27        0    0.00000    0.00000    0.00000
  28        0    0.00000    0.00000    0.00000
  29        0    0.00000    0.00000    0.00000
  30    15527    5.44401    2.72200    5.44401
  31    14031    4.91949    7.90375   10.36349
  32    51122   17.92417   19.32558   28.28766
  33    25090    8.79694   32.68613   37.08460
  34    21439    7.51685   40.84303   44.60145
  35    22218    7.78998   48.49644   52.39142
  36    35128   12.31642   58.54964   64.70785
  37    48969   17.16929   73.29249   81.87714
  38    14403    5.04992   84.40210   86.92705
  39    15131    5.30516   89.57963   92.23222
  40     2998    1.05115   92.75779   93.28336
  41    92559   32.45262  109.50967  125.73598
  42     3771    1.32217  126.39707  127.05815
  43    15857    5.55971  129.83801  132.61786
  44     3275    1.14827  133.19200  133.76613
  45    62822   22.02637  144.77931  155.79250
  46    50367   17.65945  164.62222  173.45195
  47    25382    8.89932  177.90161  182.35127
  48     8918    3.12679  183.91467  185.47806
  49    28103    9.85335  190.40474  195.33141
  50    42786   15.00144  202.83213  210.33285
  51    12446    4.36376  212.51473  214.69661
  52    15081    5.28763  217.34042  219.98424
  53    50583   17.73518  228.85183  237.71942
  54    19677    6.89906  241.16895  244.61848
  55    16702    5.85598  247.54648  250.47447
  56    36462   12.78414  256.86654  263.25861
  57     3657    1.28220  263.89971  264.54081
  58    15943    5.58986  267.33574  270.13067
  59    70755   24.80780  282.53457  294.93847
  60    10023    3.51422  296.69558  298.45269
  61    18379    6.44396  301.67467  304.89665
  62    40342   14.14453  311.96892  319.04119
  63    47589   16.68544  327.38391  335.72663
  64     3931    1.37827  336.41576  337.10490
  65    20408    7.15536  340.68258  344.26026
  66    20869    7.31700  347.91876  351.57725
  67    52269   18.32632  360.74042  369.90358
  68     5662    1.98519  370.89617  371.88876
  69    31800   11.14957  377.46355  383.03833
  70    12961    4.54433  385.31050  387.58266
  71    76007   26.64923  400.90728  414.23190
  72    25614    8.98067  418.72223  423.21256
  73    14813    5.19367  425.80940  428.40623
  74    13361    4.68457  430.74852  433.09080
  75    19234    6.74374  436.46267  439.83454
  76    82034   28.76239  454.21574  468.59694
  77    11293    3.95950  470.57669  472.55644
  78    15304    5.36582  475.23935  477.92226
  79     7170    2.51391  479.17921  480.43617
  80    10659    3.73721  482.30478  484.17338
  81    60239   21.12073  494.73374  505.29411
  82    30444   10.67414  510.63118  515.96825
  83    48182   16.89336  524.41493  532.86160
  84    11323    3.97002  534.84661  536.83162
  85    50206   17.60300  545.63312  554.43463
  86    16798    5.88964  557.37945  560.32427
  87    24322    8.52767  564.58810  568.85194
  88    21110    7.40149  572.55268  576.25343
  89    69683   24.43194  588.46940  600.68537
  90     7786    2.72989  602.05032  603.41526
  91    23688    8.30538  607.56795  611.72064
  92     7055    2.47359  612.95744  614.19424
  93    52460   18.39329  623.39088  632.58753
  94    14318    5.02011  635.09758  637.60764
  95    37311   13.08182  644.14855  650.68945
  96     3555    1.24644  651.31267  651.93589
  97    58665   20.56886  662.22032  672.50475
  98    27122    9.50939  677.25945  682.01415
  99    25134    8.81237  686.42033  690.82652
 100     2009    0.70439  691.17871  691.53090
 101    41292   14.47762  698.76971  706.00852
 102    33991   11.91777  711.96740  717.92629
 103    14471    5.07376  720.46317  723.00005
 104    29262   10.25971  728.12990  733.25976
 105    13806    4.84060  735.68006  738.10036
 106    50002   17.53148  746.86610  755.63183
 107    28785   10.09247  760.67807  765.72430
 108    20399    7.15221  769.30040  772.87651
 109    21568    7.56208  776.65754  780.43858
 110     2639    0.92527  780.90122  781.36386
 111    82233   28.83217  795.77994  810.19602
 112    25664    8.99820  814.69512  819.19422
 113    21170    7.42253  822.90548  826.61675
 114     4590    1.60933  827.42141  828.22607
 115    75415   26.44167  841.44691  854.66774
 116    26150    9.16860  859.25204  863.83634
 117    11938    4.18565  865.92916  868.02199
 118     7960    2.79090  869.41744  870.81289
 119    65266   22.88327  882.25452  893.69616
 120    15969    5.59898  896.49565  899.29514
 121    24030    8.42529  903.50778  907.72043
 122    14840    5.20313  910.32200  912.92356
 123    67183   23.55540  924.70126  936.47897
 124    42850   15.02387  943.99090  951.50284
 125     2760    0.96770  951.98669  952.47054
 126     3241    1.13634  953.03871  953.60688
 127    19567    6.86049  957.03713  960.46738
 128    52373   18.36279  969.64877  978.83016
 129    12828    4.49770  981.07901  983.32786
 130    28266    9.91050  988.28311  993.23836
 131    21028    7.37274  996.92473 1000.61110
 132    48082   16.85830 1009.04025 1017.46940
 133    41093   14.40784 1024.67332 1031.87724
 134    19462    6.82368 1035.28908 1038.70092
 135    15202    5.33006 1041.36595 1044.03098
 136     2949    1.03397 1044.54796 1045.06494
 137   100257   35.15166 1062.64077 1080.21660
 138     4654    1.63176 1081.03248 1081.84837
 139     5607    1.96590 1082.83132 1083.81427
 140    25108    8.80325 1088.21589 1092.61752
 141    75649   26.52371 1105.87938 1119.14123
 142    30354   10.64258 1124.46253 1129.78382
 143     7757    2.71972 1131.14368 1132.50354
 144     5060    1.77411 1133.39060 1134.27766
 145    49791   17.45750 1143.00641 1151.73515
 146    36050   12.63969 1158.05500 1164.37484
 147    14872    5.21435 1166.98202 1169.58920
 148    26859    9.41718 1174.29779 1179.00638
 149    37106   13.00994 1185.51135 1192.01632
 150    38709   13.57198 1198.80231 1205.58830
 151     8821    3.09278 1207.13468 1208.68107
 152    41367   14.50391 1215.93303 1223.18499
 153     4301    1.50800 1223.93899 1224.69298
 154    50114   17.57075 1233.47836 1242.26373
 155     9905    3.47285 1244.00015 1245.73658
 156    66579   23.34363 1257.40839 1269.08021
 157     6286    2.20397 1270.18219 1271.28418
 158    15939    5.58846 1274.07841 1276.87264
 159    23563    8.26155 1281.00341 1285.13419
 160    49963   17.51780 1293.89309 1302.65199
 161     3485    1.22190 1303.26294 1303.87389
 162    26876    9.42314 1308.58546 1313.29703
 163    59440   20.84059 1323.71732 1334.13762
 164    16032    5.62107 1336.94815 1339.75869
 165     9144    3.20603 1341.36170 1342.96471
 166    40850   14.32264 1350.12604 1357.28736
 167    57061   20.00647 1367.29059 1377.29383
 168    12173    4.26804 1379.42785 1381.56187
 169    19137    6.70973 1384.91674 1388.27160
 170     6090    2.13525 1389.33923 1390.40685
 171    69503   24.36883 1402.59126 1414.77568
 172    26068    9.13985 1419.34560 1423.91552
 173     5734    2.01043 1424.92074 1425.92595
 174     4032    1.41368 1426.63280 1427.33964
 175    67971   23.83169 1439.25548 1451.17132
 176    60172   21.09724 1461.71994 1472.26856
 177     2969    1.04098 1472.78905 1473.30954
 178     1838    0.64443 1473.63175 1473.95397
 179    70861   24.84497 1486.37645 1498.79893
 180     7242    2.53916 1500.06851 1501.33809
 181    30657   10.74882 1506.71250 1512.08691
 182    37165   13.03063 1518.60223 1525.11754
 183    11997    4.20633 1527.22071 1529.32387
 184    71520   25.07602 1541.86188 1554.39989
 185    14433    5.06043 1556.93011 1559.46033
 186    14297    5.01275 1561.96670 1564.47308
 187     3326    1.16615 1565.05615 1565.63923
 188    38798   13.60318 1572.44082 1579.24241
 189    51266   17.97466 1588.22973 1597.21706
 190     3802    1.33304 1597.88358 1598.55010
 191    26644    9.34180 1603.22100 1607.89190
 192    22856    8.01367 1611.89873 1615.90557
 193    43847   15.37344 1623.59229 1631.27901
 194    36232   12.70350 1637.63076 1643.98251
 195     4734    1.65981 1644.81242 1645.64232
 196    23234    8.14620 1649.71542 1653.78852
 197    44063   15.44917 1661.51311 1669.23770
 198    19573    6.86260 1672.66899 1676.10029
 199    16364    5.73747 1678.96903 1681.83776
 200    31032   10.88030 1687.27792 1692.71807
 201    30989   10.86522 1698.15068 1703.58329
 202    30787   10.79440 1708.98049 1714.37769
 203    33066   11.59345 1720.17442 1725.97114
 204     5319    1.86492 1726.90360 1727.83607
 205    83295   29.20452 1742.43833 1757.04059
 206    28330    9.93294 1762.00705 1766.97352
 207     4758    1.66823 1767.80764 1768.64175
 208    29935   10.49568 1773.88959 1779.13743
 209    38144   13.37388 1785.82437 1792.51131
 210    44696   15.67111 1800.34686 1808.18242
 211     4231    1.48345 1808.92414 1809.66587
 212    40140   14.07371 1816.70272 1823.73958
 213     4371    1.53254 1824.50585 1825.27212
 214    49627   17.40000 1833.97212 1842.67211
 215    49601   17.39088 1851.36755 1860.06299
 216    22585    7.91865 1864.02232 1867.98165
 217    17851    6.25884 1871.11106 1874.24048
 218    34176   11.98264 1880.23180 1886.22312
 219    43933   15.40359 1893.92492 1901.62671
 220    12057    4.22737 1903.74040 1905.85408
 221     5274    1.84915 1906.77866 1907.70323
 222    29905   10.48516 1912.94581 1918.18839
 223    79324   27.81223 1932.09450 1946.00061
 224    16623    5.82828 1948.91475 1951.82889
 225     5424    1.90174 1952.77976 1953.73063
 226    16436    5.76272 1956.61199 1959.49335
 227    46171   16.18827 1967.58748 1975.68162
 228    57231   20.06608 1985.71465 1995.74769
 229    12280    4.30556 1997.90047 2000.05325
 230     5126    1.79726 2000.95188 2001.85051
 231    70740   24.80254 2014.25178 2026.65305
 232     4763    1.66998 2027.48804 2028.32303
 233    23509    8.24262 2032.44434 2036.56565
 234    41636   14.59823 2043.86476 2051.16388
 235     4000    1.40246 2051.86511 2052.56634
 236    28620   10.03462 2057.58365 2062.60096
 237    48150   16.88214 2071.04202 2079.48309
 238    33815   11.85606 2085.41112 2091.33916
 239     4722    1.65561 2092.16696 2092.99476
 240    29248   10.25480 2098.12216 2103.24957
 241    19799    6.94184 2106.72048 2110.19140
 242    56452   19.79295 2120.08788 2129.98435
 243    25081    8.79379 2134.38124 2138.77814
 244     9001    3.15589 2140.35608 2141.93403
 245    64579   22.64240 2153.25523 2164.57643
 246    13342    4.67791 2166.91538 2169.25434
 247    11200    3.92689 2171.21779 2173.18123
 248    46117   16.16934 2181.26590 2189.35057
 249    63688   22.33000 2200.51557 2211.68057
 250    39188   13.73992 2218.55053 2225.42049
 251     3047    1.06833 2225.95465 2226.48882
 252     3276    1.14862 2227.06312 2227.63743
 253    72241   25.32882 2240.30184 2252.96625
 254    17972    6.30126 2256.11688 2259.26751
 255    25608    8.97856 2263.75679 2268.24607
 256    29183   10.23201 2273.36208 2278.47808
 257    34648   12.14813 2284.55215 2290.62621
 258    21024    7.37134 2294.31188 2297.99755
 259     3549    1.24433 2298.61972 2299.24189
 260    46182   16.19213 2307.33795 2315.43401
 261    26711    9.36529 2320.11666 2324.79930
 262    47572   16.67948 2333.13904 2341.47878
 263     4659    1.63352 2342.29554 2343.11230
 264    21572    7.56348 2346.89404 2350.67578
 265    18089    6.34228 2353.84692 2357.01806
 266    75587   26.50197 2370.26905 2383.52004
 267    27365    9.59459 2388.31734 2393.11463
 268     8922    3.12819 2394.67873 2396.24282
 269     4165    1.46031 2396.97298 2397.70314
 270    50321   17.64332 2406.52480 2415.34646
 271     4605    1.61458 2416.15375 2416.96105
 272    24243    8.49997 2421.21103 2425.46102
 273    55320   19.39605 2435.15904 2444.85707
 274     3518    1.23347 2445.47380 2446.09053
 275     8492    2.97743 2447.57925 2449.06796
 276    54132   18.97952 2458.55772 2468.04748
 277     9084    3.18499 2469.63997 2471.23247
 278    39762   13.94117 2478.20306 2485.17364
 279    39180   13.73712 2492.04220 2498.91076
 280    26128    9.16088 2503.49120 2508.07164
 281    24594    8.62304 2512.38316 2516.69468
 282    27146    9.51781 2521.45358 2526.21249
 283    44542   15.61712 2534.02105 2541.82961
 284    36972   12.96296 2548.31108 2554.79256
 285    38220   13.40053 2561.49282 2568.19309
 286    10931    3.83258 2570.10938 2572.02567
 287    39711   13.92329 2578.98731 2585.94896
 288    29840   10.46237 2591.18014 2596.41133
 289    31864   11.17201 2601.99733 2607.58334
 290     6898    2.41855 2608.79261 2610.00188
 291    27035    9.47889 2614.74133 2619.48077
 292    12593    4.41530 2621.68843 2623.89608
 293    90899   31.87060 2639.83138 2655.76668
 294    13264    4.65056 2658.09196 2660.41724
 295    24891    8.72717 2664.78083 2669.14441
 296    75116   26.33684 2682.31283 2695.48125
 297    44612   15.64166 2703.30208 2711.12290
 298    76439   26.80070 2724.52325 2737.92360
 299    35695   12.51522 2744.18121 2750.43883
 300    84359   29.57757 2765.22761 2780.01640
 301    36678   12.85988 2786.44634 2792.87628
 302   105950   37.14771 2811.45013 2830.02399
 303    14145    4.95946 2832.50372 2834.98345
 304    81013   28.40441 2849.18565 2863.38786
 305    49134   17.22714 2872.00143 2880.61500
 306    93610   32.82112 2897.02556 2913.43612
 307     9533    3.34242 2915.10733 2916.77854
 308    61191   21.45451 2927.50580 2938.23305
 309     8395    2.94342 2939.70476 2941.17647
 310        0    0.00000 2941.17647 2941.17647
 311        0    0.00000 2941.17647 2941.17647
 312        0    0.00000 2941.17647 2941.17647
 313        0    0.00000 2941.17647 2941.17647
 314        0    0.00000 2941.17647 2941.17647
 315        0    0.00000 2941.17647 2941.17647
 316        0    0.00000 2941.17647 2941.17647
 317        0    0.00000 2941.17647 2941.17647
 318        0    0.00000 2941.17647 2941.17647
 319        0    0.00000 2941.17647 2941.17647
 320        0    0.00000 2941.17647 2941.17647
 321        0    0.00000 2941.17647 2941.17647
 322        0    0.00000 2941.17647 2941.17647
 323        0    0.00000 2941.17647 2941.17647
 324        0    0.00000 2941.17647 2941.17647
 325        0    0.00000 2941.17647 2941.17647
 326        0    0.00000 2941.17647 2941.17647
 327        0    0.00000 2941.17647 2941.17647
 328        0    0.00000 2941.17647 2941.17647
 329        0    0.00000 2941.17647 2941.17647
 330        0    0.00000 2941.17647 2941.17647
 331        0    0.00000 2941.17647 2941.17647
 332        0    0.00000 2941.17647 2941.17647
 333        0    0.00000 2941.17647 2941.17647
 334        0    0.00000 2941.17647 2941.17647
 335        0    0.00000 2941.17647 2941.17647
 336        0    0.00000 2941.17647 2941.17647
 337        0    0.00000 2941.17647 2941.17647
 338        0    0.00000 2941.17647 2941.17647
 339        0    0.00000 2941.17647 2941.17647
 340        0    0.00000 2941.17647 2941.17647
 341        0    0.00000 2941.17647 2941.17647
 342        0    0.00000 2941.17647 2941.17647
 343        0    0.00000 2941.17647 2941.17647
 344        0    0.00000 2941.17647 2941.17647
 345        0    0.00000 2941.17647 2941.17647
 346        0    0.00000 2941.17647 2941.17647
 347        0    0.00000 2941.17647 2941.17647
 348        0    0.00000 2941.17647 2941.17647
 349        0    0.00000 2941.17647 2941.17647
 350        0    0.00000 2941.17647 2941.17647
 351        0    0.00000 2941.17647 2941.17647
 352        0    0.00000 2941.17647 2941.17647
 353        0    0.00000 2941.17647 2941.17647
 354        0    0.00000 2941.17647 2941.17647
 355        0    0.00000 2941.17647 2941.17647
 356        0    0.00000 2941.17647 2941.17647
 357        0    0.00000 2941.17647 2941.17647
 358        0    0.00000 2941.17647 2941.17647
 359        0    0.00000 2941.17647 2941.17647
 360        0    0.00000 2941.17647 2941.17647
 361        0    0.00000 2941.17647 2941.17647
 362        0    0.00000 2941.17647 2941.17647
 363        0    0.00000 2941.17647 2941.17647
 364        0    0.00000 2941.17647 2941.17647
 365        0    0.00000 2941.17647 2941.17647
 366        0    0.00000 2941.17647 2941.17647
 367        0    0.00000 2941.17647 2941.17647
 368        0    0.00000 2941.17647 2941.17647
 369        0    0.00000 2941.17647 2941.17647
 370        0    0.00000 2941.17647 2941.17647
 371        0    0.00000 2941.17647 2941.17647
 372        0    0.00000 2941.17647 2941.17647
 373        0    0.00000 2941.17647 2941.17647
 374        0    0.00000 2941.17647 2941.17647
 375        0    0.00000 2941.17647 2941.17647
 376        0    0.00000 2941.17647 2941.17647
 377        0    0.00000 2941.17647 2941.17647
 378        0    0.00000 2941.17647 2941.17647
 379        0    0.00000 2941.17647 2941.17647
 380        0    0.00000 2941.17647 2941.17647
 381        0    0.00000 2941.17647 2941.17647
 382        0    0.00000 2941.17647 2941.17647
 383        0    0.00000 2941.17647 2941.17647
 384        0    0.00000 2941.17647 2941.17647
 385        0    0.00000 2941.17647 2941.17647
 386        0    0.00000 2941.17647 2941.17647
 387        0    0.00000 2941.17647 2941.17647
 388        0    0.00000 2941.17647 2941.17647
 389        0    0.00000 2941.17647 2941.17647
 390        0    0.00000 2941.17647 2941.17647
 391        0    0.00000 2941.17647 2941.17647
 392        0    0.00000 2941.17647 2941.17647
 393        0    0.00000 2941.17647 2941.17647
 394        0    0.00000 2941.17647 2941.17647
 395        0    0.00000 2941.17647 2941.17647
 396        0    0.00000 2941.17647 2941.17647
 397        0    0.00000 2941.17647 2941.17647
 398        0    0.00000 2941.17647 2941.17647
 399        0    0.00000 2941.17647 2941.17647
 400        0    0.00000 2941.17647 2941.17647
 401        0    0.00000 2941.17647 2941.17647
 402        0    0.00000 2941.17647 2941.17647
 403        0    0.00000 2941.17647 2941.17647
 404        0    0.00000 2941.17647 2941.17647
 405        0    0.00000 2941.17647 2941.17647
 406        0    0.00000 2941.17647 2941.17647
 407        0    0.00000 2941.17647 2941.17647
 408        0    0.00000 2941.17647 2941.17647
 409        0    0.00000 2941.17647 2941.17647
 410        0    0.00000 2941.17647 2941.17647
 411        0    0.00000 2941.17647 2941.17647
 412        0    0.00000 2941.17647 2941.17647
 413        0    0.00000 2941.17647 2941.17647
 414        0    0.00000 2941.17647 2941.17647
 415        0    0.00000 2941.17647 2941.17647
 416        0    0.00000 2941.17647 2941.17647
 417        0    0.00000 2941.17647 2941.17647
 418        0    0.00000 2941.17647 2941.17647
 419        0    0.00000 2941.17647 2941.17647
 420        0    0.00000 2941.17647 2941.17647
 421        0    0.00000 2941.17647 2941.17647
 422        0    0.00000 2941.17647 2941.17647
 423        0    0.00000 2941.17647 2941.17647
 424        0    0.00000 2941.17647 2941.17647
 425        0    0.00000 2941.17647 2941.17647
 426        0    0.00000 2941.17647 2941.17647
 427        0    0.00000 2941.17647 2941.17647
 428        0    0.00000 2941.17647 2941.17647
 429        0    0.00000 2941.17647 2941.17647
 430        0    0.00000 2941.17647 2941.17647
 431        0    0.00000 2941.17647 2941.17647
 432        0    0.00000 2941.17647 2941.17647
 433        0    0.00000 2941.17647 2941.17647
 434        0    0.00000 2941.17647 2941.17647
 435        0    0.00000 2941.17647 2941.17647
 436        0    0.00000 2941.17647 2941.17647
 437        0    0.00000 2941.17647 2941.17647
 438        0    0.00000 2941.17647 2941.17647
 439        0    0.00000 2941.17647 2941.17647
 440        0    0.00000 2941.17647 2941.17647
 441        0    0.00000 2941.17647 2941.17647
 442        0    0.00000 2941.17647 2941.17647
 443        0    0.00000 2941.17647 2941.17647
 444        0    0.00000 2941.17647 2941.17647
 445        0    0.00000 2941.17647 2941.17647
 446        0    0.00000 2941.17647 2941.17647
 447        0    0.00000 2941.17647 2941.17647
 448        0    0.00000 2941.17647 2941.17647
 449        0    0.00000 2941.17647 2941.17647
 450        0    0.00000 2941.17647 2941.17647
 451        0    0.00000 2941.17647 2941.17647
 452        0    0.00000 2941.17647 2941.17647
 453        0    0.00000 2941.17647 2941.17647
 454        0    0.00000 2941.17647 2941.17647
 455        0    0.00000 2941.17647 2941.17647
 456        0    0.00000 2941.17647 2941.17647
 457        0    0.00000 2941.17647 2941.17647
 458        0    0.00000 2941.17647 2941.17647
 459        0    0.00000 2941.17647 2941.17647
 460        0    0.00000 2941.17647 2941.17647
 461        0    0.00000 2941.17647 2941.17647
 462        0    0.00000 2941.17647 2941.17647
 463        0    0.00000 2941.17647 2941.17647
 464        0    0.00000 2941.17647 2941.17647
 465        0    0.00000 2941.17647 2941.17647
 466        0    0.00000 2941.17647 2941.17647
 467        0    0.00000 2941.17647 2941.17647
 468        0    0.00000 2941.17647 2941.17647
 469        0    0.00000 2941.17647 2941.17647
 470        0    0.00000 2941.17647 2941.17647
 471        0    0.00000 2941.17647 2941.17647
 472        0    0.00000 2941.17647 2941.17647
 473        0    0.00000 2941.17647 2941.17647
 474        0    0.00000 2941.17647 2941.17647
 475        0    0.00000 2941.17647 2941.17647
 476        0    0.00000 2941.17647 2941.17647
 477        0    0.00000 2941.17647 2941.17647
 478        0    0.00000 2941.17647 2941.17647
 479        0    0.00000 2941.17647 2941.17647
 480        0    0.00000 2941.17647 2941.17647
 481        0    0.00000 2941.17647 2941.17647
 482        0    0.00000 2941.17647 2941.17647
 483        0    0.00000 2941.17647 2941.17647
 484        0    0.00000 2941.17647 2941.17647
 485        0    0.00000 2941.17647 2941.17647
 486        0    0.00000 2941.17647 2941.17647
 487        0    0.00000 2941.17647 2941.17647
 488        0    0.00000 2941.17647 2941.17647
 489        0    0.00000 2941.17647 2941.17647
 490        0    0.00000 2941.17647 2941.17647
 491        0    0.00000 2941.17647 2941.17647
 492        0    0.00000 2941.17647 2941.17647
 493        0    0.00000 2941.17647 2941.17647
 494        0    0.00000 2941.17647 2941.17647
 495        0    0.00000 2941.17647 2941.17647
 496        0    0.00000 2941.17647 2941.17647
 497        0    0.00000 2941.17647 2941.17647
 498        0    0.00000 2941.17647 2941.17647
 499        0    0.00000 2941.17647 2941.17647
 500        0    0.00000 2941.17647 2941.17647
 501        0    0.00000 2941.17647 2941.17647
 502        0    0.00000 2941.17647 2941.17647
 503        0    0.00000 2941.17647 2941.17647
 504        0    0.00000 2941.17647 2941.17647
 505        0    0.00000 2941.17647 2941.17647
 506        0    0.00000 2941.17647 2941.17647
 507        0    0.00000 2941.17647 2941.17647
 508        0    0.00000 2941.17647 2941.17647
 509        0    0.00000 2941.17647 2941.17647
 510        0    0.00000 2941.17647 2941.17647
 511        0    0.00000 2941.17647 2941.17647
